// Mob Availability and Alias Database
//
// Structure of Database:
// MobID,SpriteID{,Equipment}
//
// 01. MobID        Mob ID to change.
// 02. SpriteID     Mob ID which will be sent to the client instead of MobID.
//                  If 0, the mob becomes unavailable for use.
// 03. Equipment    Item ID of pet equipment (must be available for pet counterpart, or this will cause problems).
//
// To disguise a mob as a player:
// MobID,SpriteID,Sex,Hair_Style,Hair_Color,Weapon,Shield,Head_Top,Head_Middle,Head_Bottom,Option,Dye_Color
//
// SpriteID is a job class value.
// Weapon and Shield uses Item ID, while Head uses View ID.

//1002,1039		// Poring - Baphomet
//1970,1002,10013	// Displays a Poring with a backpack

// Easter Event Monsters
//1920,1047,0
//1921,1093,0

// rAthena Dev Team
// Valaris
//1900,4013,1,1,1,1254,0,67,12,54,16,1
// Valaris Worshiper
//1901,6,1,1,1,1219,2101,67,12,54,0,1
// MC Cameri
//1902,14,1,6,6,1101,2105,0,0,0,32,3
// Poki#3
//1903,4012,1,21,0,1720,0,102,184,57,16,0
// Sentry
//1904,1286,0

// iRO Halloween Event 2008
//3000,1015,0
//3001,1036,0
//3002,1298,0

// iRO Halloween Event 2009
//3014,1179,0
//3015,1272,0

// RoSF.us Costom Monster
3501,3122
3502,2963
3503,1324
3504,1916
3505,1007
3506,1956
3507,2238
3508,2241
3509,1832

//IRO
// MobID,SpriteID,Sex,Hair_Style,Hair_Color,Weapon,Shield,Head_Top,Head_Middle,Head_Bottom,Option,Dye_Color
//IRO
3510,27,1,44,125,2176,1664,882,0,889,0,0
3511,27,1,44,125,2176,1664,882,0,889,0,0

//Soul Linker
3512,4096,1,44,125,2176,1664,882,0,889,0,0
3513,4102,1,44,125,2176,1664,882,0,889,0,0
3514,4101,1,44,125,2176,1664,882,0,889,0,0
3515,4108,1,44,125,2176,1664,882,0,889,0,0
3516,4100,1,44,125,2176,1664,882,0,889,0,0
3517,4107,1,44,125,2176,1664,882,0,889,0,0
3518,4098,1,44,125,2176,1664,882,0,889,0,0
3519,4014,1,44,125,2176,1664,882,0,889,0,0
3520,4099,1,44,125,2176,1664,882,0,889,0,0
3521,4106,1,44,125,2176,1664,882,0,889,0,0
3522,4097,1,44,125,2176,1664,882,0,889,0,0
3523,4103,1,44,125,2176,1664,882,0,889,0,0
3524,27,1,44,125,2176,1664,882,0,889,0,0
3525,27,1,44,125,2176,1664,882,0,889,0,0
3526,27,1,44,125,2176,1664,882,0,889,0,0
3527,27,1,44,125,2176,1664,882,0,889,0,0
3528,27,1,44,125,2176,1664,882,0,889,0,0
3529,27,1,44,125,2176,1664,882,0,889,0,0

//GM CLONE
3530,2489
3531,2490
3532,2491
3533,2492
3534,2493
3535,2494

//TREASURE_BOX
3536,1324
3537,1324
3538,1324
3539,1324
3540,1324
3541,1324
3542,1324
3543,1324
3544,1324
3545,1324

//Dance Dance
3900,1002
3901,1031
3902,1595
3903,1836
3904,1582
3905,1096
3906,1388
3907,1904

//Memory Game
3910,1001
3911,1002
3912,1004
3913,1005
3914,1007
3915,1008
3916,1009
3917,1010
3918,1011
3919,1012
3920,1013
3921,1014
3922,1015
3923,1016
3924,1018
3925,1019
3926,1020
3927,1023
3928,1024
3929,1025
3930,1026
3931,1028
3932,1029
3933,1032
3934,1040
3935,1041
3936,1044
3937,1045
3938,1050
3939,1051
3940,1052
3941,1055
